3617	0	0	256	0	0	0	0	0	0	0	0	0	0	1	0	0	101	0	0	0	45	0	1	0	-1	0	0	1	0	0	1	0	0	0	0	0	1	0	0	0	0	0	1	0	0	0	0	0	0	0	0	0	0	0	0	0	0	0	0	0	0	0	0	0	0	0	0	0	0	0	0	0	0	0	0	0	0	0	0	0	0	0	0	0	0	0	1	1	1	0	0	NPC 32958 suicide spell
5302	0	0	536871312	1024	0	0	0	0	0	0	0	0	0	1	0	0	101	0	0	0	0	28	1	0	-1	0	0	6	0	0	0	0	0	0	0	0	0	0	0	0	0	0	1	0	0	0	0	0	0	0	0	4	0	0	0	0	0	0	0	0	0	0	0	0	0	0	0	0	0	0	0	0	0	0	0	0	0	0	0	0	0	0	0	0	0	0	1	1	1	0	0	Defensive State - Follows a successful block,dodge or parry.
7056	0	0	336	0	0	0	0	0	0	0	0	0	0	1	0	0	101	0	0	0	0	21	1	0	-1	0	0	6	0	0	0	0	0	0	0	0	0	0	0	0	0	0	1	0	0	0	0	0	0	0	0	25	0	0	0	0	0	0	0	0	0	0	0	0	0	0	0	0	0	0	0	0	0	0	0	0	0	0	0	0	0	0	0	0	0	0	0	1	1	0	0	Pacified
11202	0	0	0	0	0	0	0	0	0	0	0	0	0	1	0	0	0	0	0	0	0	0	1	0	-1	0	0	0	0	0	0	0	0	0	0	0	0	0	0	0	0	0	0	0	0	0	0	0	0	0	0	0	0	0	0	0	0	0	0	0	0	0	0	0	0	0	0	0	0	0	0	0	0	0	0	0	0	0	0	0	0	0	0	0	0	0	0	0	0	0	0	Item 3776 spellid_1 serverside spell
12507	0	0	464	0	5	0	0	0	0	0	0	0	0	1	0	0	0	0	0	1	1	21	1	0	-1	0	0	6	0	0	1	0	0	0	0	0	1	0	0	0	0	0	1	0	0	0	0	0	0	0	0	23	0	0	5000	0	0	0	0	0	0	0	0	0	0	0	12504	0	0	0	0	0	0	0	0	0	0	0	0	0	0	0	0	0	0	0	1	1	1	0	0	Atal'ai Skeleton Totem
13377	1	0	2512	0	0	0	0	0	0	0	0	0	0	1	0	0	101	0	0	40	40	21	1	0	-1	-1	0	6	0	0	1	0	0	0	0	0	-1	0	0	0	0	0	21	0	0	0	0	0	0	0	0	23	0	0	3000	0	0	0	0	0	0	0	0	0	0	0	13376	0	0	0	0	0	0	0	0	0	0	0	0	0	0	0	0	0	0	0	1	1	1	0	2	Fire Shield
24308	0	0	256	0	0	0	0	0	0	0	0	0	0	1	0	0	101	0	0	0	0	26	1	0	-1	0	0	28	0	0	1	0	0	0	0	0	0	0	0	0	0	0	18	0	0	0	0	0	0	0	0	0	0	0	0	0	0	0	0	0	14986	0	0	64	0	0	0	0	0	0	0	0	0	0	0	0	0	0	0	0	0	0	0	0	0	0	1	0	0	0	0	Summon Shade of Jin'Do
24677	0	0	256	0	4	0	0	0	0	0	0	0	0	1	0	0	0	0	0	0	0	0	6	0	-1	0	0	77	0	0	0	0	0	0	0	0	0	0	0	0	0	0	25	0	0	0	0	0	0	0	0	0	0	0	0	0	0	0	0	0	0	0	0	0	0	0	0	0	0	0	0	0	0	0	0	0	0	0	0	0	0	0	0	0	0	0	1	0	0	0	0	GY Mid Trigger - 2.0.12 spell - AV Snowfall Graveyard
24899	0	0	400	1024	0	0	2097152	0	0	0	144	0	0	1	0	0	101	0	0	0	0	21	1	0	-1	0	0	6	0	0	1	0	0	0	0	0	-1	0	0	0	0	0	1	0	0	0	0	0	0	0	0	137	0	0	0	0	0	0	0	0	2	0	0	0	0	0	0	0	0	0	0	0	0	0	0	0	0	0	0	0	0	0	0	0	0	0	0	0	0	0	1	Heart of the Wild Bear Effect
24900	0	0	400	1024	0	0	2097152	0	0	0	1	0	0	1	0	0	101	0	0	0	0	21	1	0	-1	0	0	6	0	0	1	0	0	0	0	0	-1	0	0	0	0	0	1	0	0	0	0	0	0	0	0	166	0	0	0	0	0	0	0	0	0	0	0	0	0	0	0	0	0	0	0	0	0	0	0	0	0	0	0	0	0	0	0	0	0	0	0	0	0	0	1	Heart of the Wild Cat Effect
25042	0	0	384	268435592	4	131072	0	0	0	0	0	0	0	1	0	0	101	0	0	0	0	29	1	0	-1	0	0	6	0	0	0	0	0	0	0	0	0	0	0	0	0	0	22	0	0	15	0	0	12	0	0	4	0	0	0	0	0	0	0	0	0	0	0	0	0	0	0	0	0	0	0	0	0	0	0	0	0	0	0	0	0	0	0	0	0	0	1	0	0	0	0	Triggerspell - Mark of Nature
25347	0	0	0	0	0	0	0	0	0	0	0	0	0	1	0	0	0	0	0	0	0	0	1	0	-1	0	0	0	0	0	0	0	0	0	0	0	0	0	0	0	0	0	0	0	0	0	0	0	0	0	0	0	0	0	0	0	0	0	0	0	0	0	0	0	0	0	0	0	0	0	0	0	0	0	0	0	0	0	0	0	0	0	0	0	0	0	0	0	0	0	0	Item_template serverside spell
25359	0	0	0	0	0	0	0	0	0	0	0	0	0	1	0	0	0	0	0	0	0	0	1	0	-1	0	0	0	0	0	0	0	0	0	0	0	0	0	0	0	0	0	0	0	0	0	0	0	0	0	0	0	0	0	0	0	0	0	0	0	0	0	0	0	0	0	0	0	0	0	0	0	0	0	0	0	0	0	0	0	0	0	0	0	0	0	0	0	0	0	0	Item 21293 spellid_2 serverside spell
25893	0	0	8388864	268435456	5	269484032	0	0	0	0	0	0	0	1	0	0	101	0	0	0	0	225	13	20	-1	0	0	6	0	0	1	0	0	0	0	0	-5	0	0	0	0	0	1	0	0	0	0	0	0	0	0	61	0	0	0	0	0	0	0	0	0	0	0	0	0	0	0	0	0	0	0	0	0	0	0	0	0	0	0	0	0	0	0	0	0	0	1	1	0	0	0	Viscidus Shrinks
25900	0	0	256	268435456	0	0	0	0	0	0	0	0	0	1	0	0	101	0	0	0	0	21	1	0	-1	0	0	6	0	0	0	0	0	0	0	0	0	0	0	0	0	0	1	0	0	0	0	0	0	0	0	12	0	0	0	0	0	0	0	0	0	0	0	0	0	0	0	0	0	0	0	0	0	0	0	0	0	0	0	0	0	0	0	0	0	0	0	0	0	0	0	Stun Self
27488	0	0	0	0	0	0	0	0	0	0	0	0	0	1	0	0	0	0	0	0	0	0	1	0	-1	0	0	0	0	0	0	0	0	0	0	0	0	0	0	0	0	0	0	0	0	0	0	0	0	0	0	0	0	0	0	0	0	0	0	0	0	0	0	0	0	0	0	0	0	0	0	0	0	0	0	0	0	0	0	0	0	0	0	0	0	0	0	0	0	0	0	Grimoire of Blood Pack Rank 6: spell filler
28782	0	0	256	268435456	0	0	0	0	0	0	0	0	0	1	0	0	101	0	0	0	0	21	1	0	-1	0	0	6	6	0	0	1	0	0	0	0	0	0	0	0	0	0	1	1	0	0	0	0	0	0	0	12	40	0	0	0	0	0	0	0	0	127	0	0	0	0	0	0	0	0	0	0	0	0	0	0	0	0	0	0	0	0	0	0	0	0	1	1	0	0	0	Stun Self + Immune
30023	0	0	256	0	0	0	0	0	0	0	0	0	0	1	0	0	101	0	0	0	0	26	1	0	-1	0	0	164	164	164	0	0	0	0	0	0	0	0	0	0	0	0	18	0	0	0	0	0	0	0	0	0	0	0	0	0	0	0	0	0	0	0	0	0	0	0	35321	38363	39215	0	0	0	0	0	0	0	0	0	0	0	0	0	0	0	0	0	1	0	0	0	0	Gushing Wound Removal
30426	0	0	256	268435456	0	0	0	0	0	0	0	0	0	1	0	0	101	0	0	0	0	40	12	0	-1	0	0	28	6	0	0	0	0	0	0	0	0	0	0	0	0	0	32	1	0	0	0	0	15	0	0	0	4	0	0	0	0	0	0	0	17379	0	0	64	0	0	0	0	0	0	0	0	0	0	0	0	0	0	0	0	0	0	0	0	0	0	1	1	0	0	0	Stillpine Ancestor Akida
30429	0	0	256	268435456	0	0	0	0	0	0	0	0	0	1	0	0	101	0	0	0	0	40	12	0	-1	0	0	28	6	0	0	0	0	0	0	0	0	0	0	0	0	0	32	1	0	0	0	0	7	0	0	0	4	0	0	0	0	0	0	0	17391	0	0	64	0	0	0	0	0	0	0	0	0	0	0	0	0	0	0	0	0	0	0	0	0	0	1	1	0	0	0	Stillpine Ancestor Coo
30432	0	0	256	268435456	0	0	0	0	0	0	0	0	0	1	0	0	101	0	0	0	0	40	12	0	-1	0	0	28	6	0	0	0	0	0	0	0	0	0	0	0	0	0	32	1	0	0	0	0	7	0	0	0	4	0	0	0	0	0	0	0	17392	0	0	64	0	0	0	0	0	0	0	0	0	0	0	0	0	0	0	0	0	0	0	0	0	0	1	1	0	0	0	Stillpine Ancestor Tikti
30437	0	0	2304	268435456	0	0	0	0	0	0	0	0	0	1	0	0	101	0	0	0	0	36	3	0	-1	0	0	6	0	0	1	0	0	0	0	0	0	0	0	0	0	0	21	0	0	0	0	0	0	0	0	23	0	0	1000	0	0	0	0	0	0	0	0	0	0	0	30426	0	0	0	0	0	0	0	0	0	0	0	0	0	0	0	0	0	0	0	1	0	0	0	0	Stillpine Ancestor Akida TRIGGER
30442	0	0	2304	268435456	0	0	0	0	0	0	0	0	0	1	0	0	101	0	0	0	0	36	3	0	-1	0	0	6	0	0	1	0	0	0	0	0	0	0	0	0	0	0	21	0	0	0	0	0	0	0	0	23	0	0	1000	0	0	0	0	0	0	0	0	0	0	0	30429	0	0	0	0	0	0	0	0	0	0	0	0	0	0	0	0	0	0	0	1	0	0	0	0	Stillpine Ancestor Coo TRIGGER
30443	0	0	2304	268435456	0	0	0	0	0	0	0	0	0	1	0	0	101	0	0	0	0	36	3	0	-1	0	0	6	0	0	1	0	0	0	0	0	0	0	0	0	0	0	21	0	0	0	0	0	0	0	0	23	0	0	1000	0	0	0	0	0	0	0	0	0	0	0	30432	0	0	0	0	0	0	0	0	0	0	0	0	0	0	0	0	0	0	0	1	0	0	0	0	Stillpine Ancestor Tikti TRIGGER
30453	0	0	2304	268435456	0	0	0	0	0	0	0	0	0	1	0	0	101	0	0	0	0	36	3	0	-1	0	0	6	0	0	1	0	0	0	0	0	0	0	0	0	0	0	21	0	0	0	0	0	0	0	0	23	0	0	1000	0	0	0	0	0	0	0	0	0	0	0	30454	0	0	0	0	0	0	0	0	0	0	0	0	0	0	0	0	0	0	0	1	0	0	0	0	Stillpine Ancestor Vark TRIGGER
30454	0	0	256	268435456	0	0	0	0	0	0	0	0	0	1	0	0	101	0	0	0	0	40	12	0	-1	0	0	28	6	0	0	0	0	0	0	0	0	0	0	0	0	0	32	1	0	0	0	0	7	0	0	0	4	0	0	0	0	0	0	0	17410	0	0	64	0	0	0	0	0	0	0	0	0	0	0	0	0	0	0	0	0	0	0	0	0	0	1	1	0	0	0	Stillpine Ancestor Vark
31247	0	0	256	0	0	0	0	0	0	0	0	0	0	1	0	0	0	0	0	0	0	0	1	0	-1	0	0	77	0	0	0	0	0	0	0	0	0	0	0	0	0	0	1	1	0	0	0	0	0	0	0	4	0	0	0	0	0	0	0	0	0	0	0	0	0	0	0	0	0	0	0	0	0	0	0	0	0	0	0	0	0	0	0	0	0	0	1	0	0	0	0	Silithyst Cap Reward
31934	0	0	384	0	0	0	0	0	0	0	131072	0	0	1	0	1048576	100	1	0	0	0	21	1	0	-1	0	0	6	0	0	1	0	0	0	0	0	-51	0	0	0	0	0	1	0	0	0	0	0	0	0	0	87	0	0	0	0	0	0	0	0	127	0	0	0	0	0	0	0	0	0	0	0	0	0	0	0	0	0	0	0	0	0	0	0	0	0	1	0	0	0	0	Blessed Life
31980	0	0	328064	1024	4	268894208	0	0	0	0	0	0	0	1	0	0	101	0	0	14	14	0	13	0	-1	0	0	3	0	0	0	0	0	0	0	0	0	0	0	0	0	0	22	0	0	15	0	0	12	0	0	0	0	0	0	0	0	0	0	0	0	0	0	0	0	0	0	0	0	0	0	0	0	0	0	0	0	0	0	10	0	4	0	0	0	0	1	0	0	0	1	Righteous Defense Trigger Spell
31982	0	0	464	0	0	0	0	0	0	0	0	0	0	1	0	0	0	0	0	29	29	21	1	0	-1	-1	0	6	0	0	1	0	0	0	0	0	1	0	0	0	0	0	1	0	0	0	0	0	0	0	0	23	0	0	5000	0	0	0	0	0	0	0	0	0	0	0	31983	0	0	0	0	0	0	0	0	0	0	0	0	0	0	0	0	0	0	0	1	1	1	0	0	Tainted Earthgrab Totem
32780	0	0	0	0	0	0	0	0	0	0	0	0	0	1	0	0	0	0	0	0	0	0	1	0	-1	0	0	0	0	0	0	0	0	0	0	0	0	0	0	0	0	0	0	0	0	0	0	0	0	0	0	0	0	0	0	0	0	0	0	0	0	0	0	0	0	0	0	0	0	0	0	0	0	0	0	0	0	0	0	0	0	0	0	0	0	0	0	0	0	0	0	Quest 10040 reward serverside spell
33134	0	0	65920	0	0	0	0	0	0	0	0	0	0	1	0	0	0	0	0	20	20	85	1	0	-1	-1	0	6	0	0	0	0	0	0	0	0	0	0	0	0	0	0	1	0	0	0	0	0	0	0	0	23	0	0	18000	0	0	0	0	0	0	0	0	0	0	0	29878	0	0	0	0	0	0	0	0	0	0	0	0	0	0	0	0	0	0	0	1	1	1	0	2	Tainted Nova Totem
34145	0	0	0	0	0	67108864	0	0	0	0	0	0	0	1	0	0	101	0	0	80	80	0	1	0	-1	0	0	64	0	0	0	0	0	0	0	0	0	0	0	0	0	0	1	0	0	0	0	0	0	0	0	0	0	0	0	0	0	0	0	0	0	0	0	0	0	0	29886	0	0	0	0	0	0	0	0	0	0	0	0	0	0	0	0	0	0	0	1	1	1	0	1	Ritual of Souls Rank 1 - Trigger Create Soulwell (29886)
34448	0	0	0	0	0	0	0	0	0	0	0	0	0	0	0	0	0	0	0	0	0	0	0	0	-1	0	0	77	0	0	0	0	0	0	0	0	0	0	0	0	0	0	1	0	0	0	0	0	0	0	0	0	0	0	0	0	0	0	0	0	0	0	0	0	0	0	0	0	0	0	0	0	0	0	0	0	0	0	0	0	0	0	0	0	0	0	0	0	0	0	0	Serverside spell orb of translocation (gobjid=180911)
34452	0	0	0	0	0	0	0	0	0	0	0	0	0	0	0	0	0	0	0	0	0	0	0	0	-1	0	0	77	0	0	0	0	0	0	0	0	0	0	0	0	0	0	1	0	0	0	0	0	0	0	0	0	0	0	0	0	0	0	0	0	0	0	0	0	0	0	0	0	0	0	0	0	0	0	0	0	0	0	0	0	0	0	0	0	0	0	0	0	0	0	0	Serverside spell orb of translocation (gobjid=180912)
35009	0	0	134545792	1024	268435460	65536	0	0	0	0	0	0	64	1	0	0	101	0	0	0	1	0	13	0	-1	0	0	125	0	0	1	0	0	0	0	0	-11	0	0	0	0	0	22	0	0	16	0	0	27	0	0	0	0	0	0	0	0	0	0	0	0	0	0	0	0	0	0	0	0	0	0	0	0	0	0	0	0	0	0	3	0	0	0	0	0	0	1	0	0	0	6	Invisibility - Reducing threat
37264	0	0	256	0	0	0	0	0	0	0	0	0	0	1	0	0	101	0	0	0	0	26	1	0	-1	0	0	28	0	0	1	0	0	0	0	0	0	0	0	0	0	0	18	38	0	0	0	0	0	8	0	0	0	0	0	0	0	0	0	0	21729	0	0	64	0	0	0	0	0	0	0	0	0	0	0	0	0	0	0	0	0	0	0	0	0	0	1	0	0	0	0	Power Converters: Summon Electromental
37794	0	0	384	0	0	1048576	0	0	0	0	0	0	0	1	0	0	0	0	0	0	0	21	1	0	-1	0	0	6	0	0	0	0	0	0	0	0	0	0	0	0	0	0	1	0	0	0	0	0	0	0	0	56	0	0	0	0	0	0	0	0	16963	0	0	0	0	0	0	0	0	0	0	0	0	0	0	0	0	0	0	0	0	0	0	0	0	0	1	0	0	0	0	Transform Infernal
38406	0	0	0	0	0	0	0	0	0	0	0	0	0	1	0	0	0	0	0	0	0	0	1	0	-1	0	0	0	0	0	0	0	0	0	0	0	0	0	0	0	0	0	0	0	0	0	0	0	0	0	0	0	0	0	0	0	0	0	0	0	0	0	0	0	0	0	0	0	0	0	0	0	0	0	0	0	0	0	0	0	0	0	0	0	0	0	0	0	0	0	0	Quest 10721 RewSpellCast serverside spell
38665	0	0	0	0	0	0	0	0	0	0	0	0	0	1	0	0	0	0	0	0	0	0	1	0	-1	0	0	0	0	0	0	0	0	0	0	0	0	0	0	0	0	0	0	0	0	0	0	0	0	0	0	0	0	0	0	0	0	0	0	0	0	0	0	0	0	0	0	0	0	0	0	0	0	0	0	0	0	0	0	0	0	0	0	0	0	0	0	0	0	0	0	[PH] Quest reward: Exorcising the Trees
38758	0	0	0	0	0	0	0	0	0	0	0	0	0	1	0	0	0	0	0	0	0	0	1	0	-1	0	0	16	0	0	0	0	0	0	0	0	0	0	0	0	0	0	0	0	0	0	0	0	0	0	0	0	0	0	0	0	0	0	0	0	10855	0	0	0	0	0	0	0	0	0	0	0	0	0	0	0	0	0	0	0	0	0	0	0	0	0	0	0	0	0	0	[PH] Quest reward: Nether Gas In a Fel Fire Engine
38788	0	0	0	0	0	0	0	0	0	0	0	0	0	1	0	0	0	0	0	0	0	0	1	0	-1	0	0	0	0	0	0	0	0	0	0	0	0	0	0	0	0	0	0	0	0	0	0	0	0	0	0	0	0	0	0	0	0	0	0	0	0	0	0	0	0	0	0	0	0	0	0	0	0	0	0	0	0	0	0	0	0	0	0	0	0	0	0	0	0	0	0	[PH] Quest reward: Spirit Calling
39613	0	0	0	0	0	0	0	0	0	0	0	0	0	1	0	0	0	0	0	0	0	0	1	0	-1	0	0	0	0	0	0	0	0	0	0	0	0	0	0	0	0	0	0	0	0	0	0	0	0	0	0	0	0	0	0	0	0	0	0	0	0	0	0	0	0	0	0	0	0	0	0	0	0	0	0	0	0	0	0	0	0	0	0	0	0	0	0	0	0	0	0	Quest 10967 reward serverside spell
39616	0	0	0	0	0	0	0	0	0	0	0	0	0	1	0	0	0	0	0	0	0	0	1	0	-1	0	0	0	0	0	0	0	0	0	0	0	0	0	0	0	0	0	0	0	0	0	0	0	0	0	0	0	0	0	0	0	0	0	0	0	0	0	0	0	0	0	0	0	0	0	0	0	0	0	0	0	0	0	0	0	0	0	0	0	0	0	0	0	0	0	0	Quest 10966 reward serverside spell
39707	0	0	384	0	0	0	0	0	0	0	0	0	0	1	0	0	101	0	0	0	0	21	1	0	-1	0	0	6	0	0	1	0	0	0	0	0	49	0	0	0	0	0	1	0	0	0	0	0	0	0	0	18	0	0	0	0	0	0	0	0	6	0	0	0	0	0	0	0	0	0	0	0	0	0	0	0	0	0	0	0	0	0	0	0	0	0	1	0	0	0	1	Creature 23487 creature_addon serverside spell
40145	0	0	0	0	0	0	0	0	0	0	0	0	0	1	0	0	0	0	0	0	0	0	1	0	-1	0	0	0	0	0	0	0	0	0	0	0	0	0	0	0	0	0	0	0	0	0	0	0	0	0	0	0	0	0	0	0	0	0	0	0	0	0	0	0	0	0	0	0	0	0	0	0	0	0	0	0	0	0	0	0	0	0	0	0	0	0	0	0	0	0	0	Quest 11000 RewSpellCast serverside spell
40200	0	0	256	0	0	0	0	0	0	0	0	0	0	1	0	0	101	0	0	0	0	26	1	0	-1	0	0	164	0	0	0	0	0	0	0	0	0	0	0	0	0	0	18	0	0	0	0	0	0	0	0	0	0	0	0	0	0	0	0	0	0	0	0	0	0	0	40195	0	0	0	0	0	0	0	0	0	0	0	0	0	0	0	0	0	0	0	1	0	0	0	0	Bombing Run: See Invisibility Aura Remover
42876	0	0	0	0	0	0	0	0	0	0	0	0	0	1	0	0	0	0	0	0	0	0	1	0	-1	0	0	0	0	0	0	0	0	0	0	0	0	0	0	0	0	0	0	0	0	0	0	0	0	0	0	0	0	0	0	0	0	0	0	0	0	0	0	0	0	0	0	0	0	0	0	0	0	0	0	0	0	0	0	0	0	0	0	0	0	0	0	0	0	0	0	Quest 9275 reward serverside spell
43236	0	0	0	0	0	0	0	0	0	0	0	0	0	1	0	0	0	0	0	0	0	0	1	0	-1	0	0	0	0	0	0	0	0	0	0	0	0	0	0	0	0	0	0	0	0	0	0	0	0	0	0	0	0	0	0	0	0	0	0	0	0	0	0	0	0	0	0	0	0	0	0	0	0	0	0	0	0	0	0	0	0	0	0	0	0	0	0	0	0	0	0	Quest 11288 reward serverside spell
43459	0	0	0	0	0	0	0	0	0	0	0	0	0	1	0	0	0	0	0	0	0	0	1	0	-1	0	0	0	0	0	0	0	0	0	0	0	0	0	0	0	0	0	0	0	0	0	0	0	0	0	0	0	0	0	0	0	0	0	0	0	0	0	0	0	0	0	0	0	0	0	0	0	0	0	0	0	0	0	0	0	0	0	0	0	0	0	0	0	0	0	0	Quest 11332 reward serverside spell
43499	0	0	0	0	0	0	0	0	0	0	0	0	0	1	0	0	0	0	0	0	0	0	1	0	-1	0	0	0	0	0	0	0	0	0	0	0	0	0	0	0	0	0	0	0	0	0	0	0	0	0	0	0	0	0	0	0	0	0	0	0	0	0	0	0	0	0	0	0	0	0	0	0	0	0	0	0	0	0	0	0	0	0	0	0	0	0	0	0	0	0	0	Quest 11250 reward serverside spell
43503	0	0	0	0	0	0	0	0	0	0	0	0	0	1	0	0	0	0	0	0	0	0	1	0	-1	0	0	0	0	0	0	0	0	0	0	0	0	0	0	0	0	0	0	0	0	0	0	0	0	0	0	0	0	0	0	0	0	0	0	0	0	0	0	0	0	0	0	0	0	0	0	0	0	0	0	0	0	0	0	0	0	0	0	0	0	0	0	0	0	0	0	Quest 11261 reward serverside spell
44275	0	0	0	0	0	0	0	0	0	0	0	0	0	1	0	0	0	0	0	0	0	0	1	0	-1	0	0	0	0	0	0	0	0	0	0	0	0	0	0	0	0	0	0	0	0	0	0	0	0	0	0	0	0	0	0	0	0	0	0	0	0	0	0	0	0	0	0	0	0	0	0	0	0	0	0	0	0	0	0	0	0	0	0	0	0	0	0	0	0	0	0	Quest 11432 reward serverside spell
44805	0	0	0	0	0	0	0	0	0	0	0	0	0	1	0	0	0	0	0	0	0	0	1	0	-1	0	0	6	0	0	0	0	0	0	0	0	0	0	0	0	0	0	0	0	0	0	0	0	0	0	0	4	0	0	0	0	0	0	0	0	0	0	0	0	0	0	0	0	0	0	0	0	0	0	0	0	0	0	0	0	0	0	0	0	0	0	0	0	0	0	0	Aura used in creature_addon - serverside spell
44987	0	0	0	0	0	0	0	0	0	0	0	0	0	1	0	0	0	0	0	0	0	0	1	0	-1	0	0	0	0	0	0	0	0	0	0	0	0	0	0	0	0	0	0	0	0	0	0	0	0	0	0	0	0	0	0	0	0	0	0	0	0	0	0	0	0	0	0	0	0	0	0	0	0	0	0	0	0	0	0	0	0	0	0	0	0	0	0	0	0	0	0	Quest 11521 reward serverside spell
45140	0	0	0	0	0	0	0	0	0	0	0	0	0	1	0	0	0	0	0	0	0	0	1	0	-1	0	0	0	0	0	0	0	0	0	0	0	0	0	0	0	0	0	0	0	0	0	0	0	0	0	0	0	0	0	0	0	0	0	0	0	0	0	0	0	0	0	0	0	0	0	0	0	0	0	0	0	0	0	0	0	0	0	0	0	0	0	0	0	0	0	0	[PH] Quest reward: Making Ready / Don't Stop Now....
45144	0	0	0	0	0	0	0	0	0	0	0	0	0	1	0	0	0	0	0	0	0	0	1	0	-1	0	0	0	0	0	0	0	0	0	0	0	0	0	0	0	0	0	0	0	0	0	0	0	0	0	0	0	0	0	0	0	0	0	0	0	0	0	0	0	0	0	0	0	0	0	0	0	0	0	0	0	0	0	0	0	0	0	0	0	0	0	0	0	0	0	0	[PH] Quest reward: Disrupt the Greengill Coast
45148	0	0	0	0	0	0	0	0	0	0	0	0	0	1	0	0	0	0	0	0	0	0	1	0	-1	0	0	0	0	0	0	0	0	0	0	0	0	0	0	0	0	0	0	0	0	0	0	0	0	0	0	0	0	0	0	0	0	0	0	0	0	0	0	0	0	0	0	0	0	0	0	0	0	0	0	0	0	0	0	0	0	0	0	0	0	0	0	0	0	0	0	[PH] Quest reward: Ata'mal Armaments
45315	0	0	0	0	0	0	0	0	0	0	0	0	0	1	0	0	0	0	0	0	0	0	1	0	-1	0	0	0	0	0	0	0	0	0	0	0	0	0	0	0	0	0	0	0	0	0	0	0	0	0	0	0	0	0	0	0	0	0	0	0	0	0	0	0	0	0	0	0	0	0	0	0	0	0	0	0	0	0	0	0	0	0	0	0	0	0	0	0	0	0	0	Quest 11566 reward serverside spell
45453	0	0	0	0	0	0	0	0	0	0	0	0	0	1	0	0	0	0	0	0	0	0	1	0	-1	0	0	0	0	0	0	0	0	0	0	0	0	0	0	0	0	0	0	0	0	0	0	0	0	0	0	0	0	0	0	0	0	0	0	0	0	0	0	0	0	0	0	0	0	0	0	0	0	0	0	0	0	0	0	0	0	0	0	0	0	0	0	0	0	0	0	Quest 11587 reward serverside spell
45459	0	0	0	0	0	0	0	0	0	0	0	0	0	1	0	0	0	0	0	0	0	0	1	0	-1	0	0	6	0	0	0	0	0	0	0	0	0	0	0	0	0	0	0	0	0	0	0	0	0	0	0	4	0	0	0	0	0	0	0	0	0	0	0	0	0	0	0	0	0	0	0	0	0	0	0	0	0	0	0	0	0	0	0	0	0	0	0	0	0	0	0	Placeholder, Missing Aura
45460	0	0	0	0	0	0	0	0	0	0	0	0	0	1	0	0	0	0	0	0	0	0	1	0	-1	0	0	6	0	0	0	0	0	0	0	0	0	0	0	0	0	0	0	0	0	0	0	0	0	0	0	4	0	0	0	0	0	0	0	0	0	0	0	0	0	0	0	0	0	0	0	0	0	0	0	0	0	0	0	0	0	0	0	0	0	0	0	0	0	0	0	Placeholder, Missing Aura
45767	0	0	0	0	0	0	0	0	0	0	0	0	0	1	0	0	0	0	0	0	0	0	1	0	-1	0	0	0	0	0	0	0	0	0	0	0	0	0	0	0	0	0	0	0	0	0	0	0	0	0	0	0	0	0	0	0	0	0	0	0	0	0	0	0	0	0	0	0	0	0	0	0	0	0	0	0	0	0	0	0	0	0	0	0	0	0	0	0	0	0	0	Quest 11670 RewSpellCast serverside spell
46251	0	0	0	0	0	0	0	0	0	0	0	0	0	1	0	0	0	0	0	0	0	0	1	0	-1	0	0	0	0	0	0	0	0	0	0	0	0	0	0	0	0	0	0	0	0	0	0	0	0	0	0	0	0	0	0	0	0	0	0	0	0	0	0	0	0	0	0	0	0	0	0	0	0	0	0	0	0	0	0	0	0	0	0	0	0	0	0	0	0	0	0	[PH] Quest reward: Blood for Blood
48803	0	0	0	0	0	0	0	0	0	0	0	0	0	1	0	0	0	0	0	0	0	0	1	0	-1	0	0	0	0	0	0	0	0	0	0	0	0	0	0	0	0	0	0	0	0	0	0	0	0	0	0	0	0	0	0	0	0	0	0	0	0	0	0	0	0	0	0	0	0	0	0	0	0	0	0	0	0	0	0	0	0	0	0	0	0	0	0	0	0	0	0	Quest 12214 reward serverside spell
50574	0	0	0	0	0	0	0	0	0	0	0	0	0	1	0	0	0	0	0	0	0	0	1	0	-1	0	0	0	0	0	0	0	0	0	0	0	0	0	0	0	0	0	0	0	0	0	0	0	0	0	0	0	0	0	0	0	0	0	0	0	0	0	0	0	0	0	0	0	0	0	0	0	0	0	0	0	0	0	0	0	0	0	0	0	0	0	0	0	0	0	0	Quest 12597 reward serverside spell
56817	0	0	384	0	0	0	0	0	0	0	0	0	0	1	0	16	101	1	0	67	67	1	1	0	-1	0	0	6	0	0	0	0	0	0	0	0	0	0	0	0	0	0	1	0	0	0	0	0	0	0	0	4	0	0	0	0	0	0	0	0	0	0	0	0	0	0	0	0	0	0	0	0	0	0	0	0	0	0	0	6	0	0	0	0	0	0	0	0	0	0	0	Rune strike proc
58428	0	0	671089024	0	0	0	0	0	0	0	0	0	0	1	0	0	100	0	0	0	0	18	1	0	-1	0	0	6	0	0	1	0	0	0	0	0	9	0	0	0	0	0	1	0	0	0	0	0	0	0	0	226	0	0	20000	0	0	0	0	0	0	0	0	0	0	0	0	0	0	0	0	0	0	0	0	0	0	0	0	8	0	0	0	0	0	0	1	1	1	0	1	Overkill - aura remove spell
58630	0	0	8388992	0	5	269484288	0	0	0	0	0	0	0	1	0	0	101	0	0	0	0	0	1	0	-1	0	0	3	0	0	0	0	0	0	0	0	0	0	0	0	0	0	22	0	0	7	0	0	28	0	0	0	0	0	0	0	0	0	0	0	0	0	0	0	0	0	0	0	0	0	0	0	0	0	0	0	0	0	0	0	0	0	0	0	0	0	0	0	0	0	0	Mal'ganis credit marker
58888	0	0	0	0	0	67108864	0	0	0	0	0	0	0	1	0	0	101	0	0	68	68	0	1	0	-1	0	0	64	0	0	0	0	0	0	0	0	0	0	0	0	0	0	1	0	0	0	0	0	0	0	0	0	0	0	0	0	0	0	0	0	0	0	0	0	0	0	58889	0	0	0	0	0	0	0	0	0	0	0	0	0	0	0	0	0	0	0	1	1	1	0	1	Ritual of Souls Rank 2 - Trigger Create Soulwell (58889)
59046	0	0	0	0	0	0	0	0	0	0	0	0	0	1	0	0	0	0	0	0	0	0	1	0	-1	0	0	3	0	0	0	0	0	0	0	0	0	0	0	0	0	0	22	0	0	30	0	0	28	0	0	0	0	0	0	0	0	0	0	0	0	0	0	0	0	0	0	0	0	0	0	0	0	0	0	0	0	0	0	0	0	0	0	0	0	0	0	0	0	0	0	Tribunal of Ages - Criteria Marker
59450	0	0	536870912	0	0	0	0	0	0	0	0	0	0	1	0	0	101	0	0	0	0	0	1	0	-1	0	0	3	0	0	0	0	0	0	0	0	0	0	0	0	0	0	18	0	0	16	0	0	28	0	0	0	0	0	0	0	0	0	0	0	0	0	0	0	0	0	0	0	0	0	0	0	0	0	0	0	0	0	0	0	0	0	0	0	0	0	0	0	0	0	0	The Four Horsemen credit marker
60937	0	0	562036736	32	1	0	0	0	0	0	0	0	0	1	0	0	101	0	0	0	0	0	1	0	-1	0	0	3	0	0	0	0	0	0	0	0	0	0	0	0	0	0	1	0	0	0	0	0	0	0	0	0	0	0	0	0	0	0	0	0	0	0	0	0	0	0	0	0	0	0	0	0	0	0	0	0	0	0	0	0	0	0	0	0	0	0	0	0	0	0	0	Seaforium charges damaging wall achievement credit
61698	0	0	536871296	269058048	67108868	268894272	2048	0	1024	0	0	0	0	1	0	0	0	0	0	0	0	0	1	0	-1	0	0	3	0	0	0	0	0	0	0	0	0	0	0	0	0	0	25	0	0	0	0	0	0	0	0	0	0	0	0	0	0	0	0	0	0	0	0	0	0	0	0	0	0	0	0	0	0	0	0	0	0	0	0	0	0	0	0	0	0	0	0	0	0	0	0	Flush - Knockback effect
61988	0	0	671089024	268436480	4	269484032	0	0	0	0	0	0	0	1	0	0	0	0	0	0	0	25	13	0	-1	0	0	6	0	0	0	0	0	0	0	0	0	0	0	0	0	0	1	0	0	0	0	0	0	0	0	4	0	0	0	0	0	0	0	0	0	0	0	0	0	0	0	0	0	0	0	0	0	0	0	0	0	0	0	0	0	0	0	0	0	0	0	0	0	0	0	Divine Shield Exclude Aura - 61988
62388	0	0	0	0	0	0	0	0	0	0	0	0	0	1	0	0	0	0	0	0	0	21	1	0	-1	0	0	6	0	0	0	0	0	0	0	0	0	0	0	0	0	0	1	0	0	0	0	0	0	0	0	4	0	0	0	0	0	0	0	0	0	0	0	0	0	0	0	0	0	0	0	0	0	0	0	0	0	0	0	0	0	0	0	0	0	0	0	0	0	0	0	Demonic Circle: Teleport(48020) - casterAuraSpell
62791	0	0	0	0	0	0	0	0	0	0	0	0	0	1	0	0	0	0	0	0	0	0	1	0	-1	0	0	3	0	0	0	0	0	0	0	0	0	0	0	0	0	0	0	0	0	0	0	0	0	0	0	0	0	0	0	0	0	0	0	0	0	0	0	0	0	0	0	0	0	0	0	0	0	0	0	0	0	0	0	0	0	0	0	0	0	0	0	0	0	0	0	XT-002 Heart Overload Trigger Spell
63975	0	0	384	0	0	262144	128	0	0	0	0	0	0	1	0	0	0	0	0	0	0	0	13	0	-1	0	0	77	0	0	0	1	1	0	0	0	0	0	0	0	0	0	6	0	0	0	0	0	0	0	0	4	0	0	0	0	0	0	0	0	0	0	0	0	0	0	0	0	0	0	0	0	0	0	0	0	0	0	0	0	0	0	0	0	0	0	0	0	0	0	1	Glyph of Blackstab - 3.2.2
64689	0	0	0	0	0	0	0	0	0	0	0	0	0	1	0	0	0	0	0	0	0	0	1	0	-1	0	0	0	0	0	0	0	0	0	0	0	0	0	0	0	0	0	0	0	0	0	0	0	0	0	0	0	0	0	0	0	0	0	0	0	0	0	0	0	0	0	0	0	0	0	0	0	0	0	0	0	0	0	0	0	0	0	0	0	0	0	0	0	0	0	0	Quest 13854 and 13862 reward serverside spell
64748	1	0	384	0	0	0	0	131080	0	0	0	0	0	1	0	0	101	0	0	80	80	28	1	0	-1	0	0	6	0	0	1	0	1	0	0	0	-11	0	-11	0	0	0	1	0	0	0	0	0	0	0	0	87	0	0	0	0	0	0	0	0	1	0	0	0	0	0	0	0	0	0	0	0	0	0	0	16777829	0	0	0	15	0	0	0	0	0	0	1	1	1	0	32	Item - Death Knight T8 Tank 4P Bonus
64899	0	0	536870912	0	0	0	0	0	0	0	0	0	0	1	0	0	101	0	0	0	0	0	1	0	-1	0	0	3	0	0	0	0	0	0	0	0	0	0	0	0	0	0	18	0	0	16	0	0	28	0	0	0	0	0	0	0	0	0	0	0	0	0	0	0	0	0	0	0	0	0	0	0	0	0	0	0	0	0	0	0	0	0	0	0	0	0	0	0	0	0	0	Hodir credit marker
64934	1	0	384	0	0	0	0	131080	0	0	0	0	0	1	0	0	101	0	0	80	80	28	1	0	-1	0	0	6	0	0	1	0	1	0	0	0	-21	0	-11	0	0	0	1	0	0	0	0	0	0	0	0	87	0	0	0	0	0	0	0	0	126	0	0	0	0	0	0	0	0	0	0	0	0	0	0	16777829	0	0	0	4	0	0	0	0	0	0	1	1	1	0	32	Item - Warrior T8 Protection 4P Bonus
64985	0	0	536870912	0	0	0	0	0	0	0	0	0	0	1	0	0	101	0	0	0	0	0	1	0	-1	0	0	3	0	0	0	0	0	0	0	0	0	0	0	0	0	0	18	0	0	16	0	0	28	0	0	0	0	0	0	0	0	0	0	0	0	0	0	0	0	0	0	0	0	0	0	0	0	0	0	0	0	0	0	0	0	0	0	0	0	0	0	0	0	0	0	Thorim credit marker
65037	0	0	0	0	0	0	0	0	0	0	0	0	0	1	0	0	0	0	0	0	0	0	1	0	-1	0	0	3	0	0	0	0	0	0	0	0	0	0	0	0	0	0	1	0	0	0	0	0	0	0	0	0	0	0	0	0	0	0	0	0	0	0	0	0	0	0	0	0	0	0	0	0	0	0	0	0	0	0	0	0	0	0	0	0	0	0	0	0	0	0	0	Nerf the Scrapbots Achievement Criteria Marker
65074	0	0	0	0	0	0	0	0	0	0	0	0	0	1	0	0	0	0	0	0	0	0	1	0	-1	0	0	3	0	0	0	0	0	0	0	0	0	0	0	0	0	0	22	0	0	30	0	0	28	0	0	0	0	0	0	0	0	0	0	0	0	0	0	0	0	0	0	0	0	0	0	0	0	0	0	0	0	0	0	0	0	0	0	0	0	0	0	0	0	0	0	Freya Achievement spell - Criteria Marker
65142	3	22	0	0	0	128	0	0	0	0	0	0	0	1	0	0	0	0	0	0	0	21	13	0	-1	0	0	6	0	0	0	0	0	0	0	0	0	0	0	0	0	0	6	0	0	0	0	0	0	0	0	255	0	0	0	0	0	0	0	0	22	0	0	0	0	0	0	0	0	0	0	0	0	0	0	0	0	0	0	15	0	0	0	0	0	0	0	0	0	0	8	Crypt Fever - SPELL_AURA_LINKED
65195	0	0	536870912	0	0	0	0	0	0	0	0	0	0	1	0	0	101	0	0	0	0	0	1	0	-1	0	0	3	0	0	0	0	0	0	0	0	0	0	0	0	0	0	18	0	0	16	0	0	28	0	0	0	0	0	0	0	0	0	0	0	0	0	0	0	0	0	0	0	0	0	0	0	0	0	0	0	0	0	0	0	0	0	0	0	0	0	0	0	0	0	0	The Iron Council credit marker
65387	0	0	8388864	0	5	268697600	128	0	16777216	0	0	0	0	1	0	0	101	0	0	0	0	0	12	0	-1	0	0	3	0	0	0	0	0	0	0	0	0	0	0	0	0	0	22	0	0	7	0	0	28	0	0	0	0	0	0	0	0	0	0	0	0	0	0	0	0	0	0	0	0	0	0	0	0	0	0	0	0	0	0	0	0	0	0	0	0	0	0	0	0	0	0	Steelforged Defender - Credit marker
68184	0	0	545259904	0	5	268697856	128	0	16777216	0	0	0	0	1	0	0	101	0	0	0	0	0	1	0	-1	0	0	3	0	0	0	0	0	0	0	0	0	0	0	0	0	0	22	0	0	7	0	0	28	0	0	0	0	0	0	0	0	0	0	0	0	0	0	0	0	0	0	0	0	0	0	0	0	0	0	0	0	0	0	0	0	0	0	0	0	0	0	0	0	0	0	Faction Champions - credit marker
68308	0	0	159383808	1056	16389	268697600	128	8	4096	0	0	0	0	1	0	0	0	0	0	0	0	0	1	0	-1	0	0	3	0	0	0	0	0	0	0	0	0	0	0	0	0	0	1	0	0	0	0	0	0	0	0	0	0	0	0	0	0	0	0	0	0	0	0	0	0	0	0	0	0	0	0	0	0	0	0	0	0	0	0	0	0	0	0	0	0	0	0	0	0	0	0	Vault of Archavon - Earth, Wind & Fire - Achievement Check
68496	0	0	0	0	0	0	0	0	0	0	0	0	0	1	0	0	0	0	0	0	0	0	1	0	-1	0	0	0	0	0	0	0	0	0	0	0	0	0	0	0	0	0	0	0	0	0	0	0	0	0	0	0	0	0	0	0	0	0	0	0	0	0	0	0	0	0	0	0	0	0	0	0	0	0	0	0	0	0	0	0	0	0	0	0	0	0	0	0	0	0	0	Item_template serverside spell
68572	0	0	536870912	0	0	0	0	0	0	0	0	0	0	1	0	0	101	0	0	0	0	0	1	0	-1	0	0	3	0	0	0	0	0	0	0	0	0	0	0	0	0	0	18	0	0	16	0	0	28	0	0	0	0	0	0	0	0	0	0	0	0	0	0	0	0	0	0	0	0	0	0	0	0	0	0	0	0	0	0	0	0	0	0	0	0	0	0	0	0	0	0	Grand Champions credit marker
68574	0	0	536870912	0	0	0	0	0	0	0	0	0	0	1	0	0	101	0	0	0	0	0	1	0	-1	0	0	3	0	0	0	0	0	0	0	0	0	0	0	0	0	0	18	0	0	16	0	0	28	0	0	0	0	0	0	0	0	0	0	0	0	0	0	0	0	0	0	0	0	0	0	0	0	0	0	0	0	0	0	0	0	0	0	0	0	0	0	0	0	0	0	Argent Champion credit marker
68620	0	0	545259904	0	5	268697856	128	0	16777216	0	0	0	0	1	0	0	101	0	0	0	0	0	1	0	-1	0	0	3	0	0	0	0	0	0	0	0	0	0	0	0	0	0	22	0	0	7	0	0	28	0	0	0	0	0	0	0	0	0	0	0	0	0	0	0	0	0	0	0	0	0	0	0	0	0	0	0	0	0	0	0	0	0	0	0	0	0	0	0	0	0	0	Resilience Will Fix It - achievement credit marker
70507	0	0	256	1024	0	0	0	0	0	0	0	0	0	1	0	0	101	0	0	0	0	21	1	99	-1	0	0	6	0	0	0	0	0	0	0	0	10	0	0	0	0	0	1	0	0	0	0	0	0	0	0	61	0	0	0	0	0	0	0	0	0	0	0	0	0	0	0	0	0	0	0	0	0	0	0	0	0	0	0	0	0	0	0	0	0	0	1	0	0	0	0	Halion - Combustion & Consumption Scale Aura
70816	0	0	0	0	0	0	0	0	0	0	0	0	0	0	0	0	0	0	0	0	0	0	0	0	0	0	0	0	0	0	0	0	0	0	0	0	0	0	0	0	0	0	0	0	0	0	0	0	0	0	0	0	0	0	0	0	0	0	0	0	0	0	0	0	0	0	0	0	0	0	0	0	0	0	0	0	0	0	0	0	0	0	0	0	0	0	0	0	0	0	0	Spelldifficulty_dbc id:2146 spellid0 serverside spell
70878	0	0	0	0	0	0	0	0	0	0	0	0	0	1	0	0	0	0	0	0	0	0	1	0	-1	0	0	6	0	0	0	0	0	0	0	0	0	0	0	0	0	0	0	0	0	0	0	0	0	0	0	4	0	0	0	0	0	0	0	0	0	0	0	0	0	0	0	0	0	0	0	0	0	0	0	0	0	0	0	0	0	0	0	0	0	0	0	0	0	0	0	Creature 40160 creature_addon serverside spell
71098	0	0	0	0	0	0	0	0	0	0	0	0	0	1	0	0	0	0	0	0	0	0	1	0	-1	0	0	0	0	0	0	0	0	0	0	0	0	0	0	0	0	0	0	0	0	0	0	0	0	0	0	0	0	0	0	0	0	0	0	0	0	0	0	0	0	0	0	0	0	0	0	0	0	0	0	0	0	0	0	0	0	0	0	0	0	0	0	0	0	0	0	Quest 24451 RewSpellCast serverside spell
71356	0	0	0	0	0	0	0	0	0	0	0	0	0	0	0	0	0	0	0	0	0	0	0	0	0	0	0	0	0	0	0	0	0	0	0	0	0	0	0	0	0	0	0	0	0	0	0	0	0	0	0	0	0	0	0	0	0	0	0	0	0	0	0	0	0	0	0	0	0	0	0	0	0	0	0	0	0	0	0	0	0	0	0	0	0	0	0	0	0	0	0	Spelldifficulty_dbc id:2108 spellid0 serverside spell
71803	0	0	0	0	0	0	0	0	0	0	0	0	0	0	0	0	0	0	0	0	0	0	0	0	0	0	0	0	0	0	0	0	0	0	0	0	0	0	0	0	0	0	0	0	0	0	0	0	0	0	0	0	0	0	0	0	0	0	0	0	0	0	0	0	0	0	0	0	0	0	0	0	0	0	0	0	0	0	0	0	0	0	0	0	0	0	0	0	0	0	0	Spelldifficulty_dbc id:2108 spellid1 serverside spell
72111	0	0	0	0	0	0	0	0	0	0	0	0	0	0	0	0	0	0	0	0	0	0	0	0	0	0	0	0	0	0	0	0	0	0	0	0	0	0	0	0	0	0	0	0	0	0	0	0	0	0	0	0	0	0	0	0	0	0	0	0	0	0	0	0	0	0	0	0	0	0	0	0	0	0	0	0	0	0	0	0	0	0	0	0	0	0	0	0	0	0	0	Spelldifficulty_dbc id:2136 spellid0 serverside spell
72125	0	0	0	0	0	0	0	0	0	0	0	0	0	0	0	0	0	0	0	0	0	0	0	0	0	0	0	0	0	0	0	0	0	0	0	0	0	0	0	0	0	0	0	0	0	0	0	0	0	0	0	0	0	0	0	0	0	0	0	0	0	0	0	0	0	0	0	0	0	0	0	0	0	0	0	0	0	0	0	0	0	0	0	0	0	0	0	0	0	0	0	Spelldifficulty_dbc id:2136 spellid1 serverside spell
72233	0	0	0	0	0	0	0	0	0	0	0	0	0	0	0	0	0	0	0	0	0	0	0	0	0	0	0	0	0	0	0	0	0	0	0	0	0	0	0	0	0	0	0	0	0	0	0	0	0	0	0	0	0	0	0	0	0	0	0	0	0	0	0	0	0	0	0	0	0	0	0	0	0	0	0	0	0	0	0	0	0	0	0	0	0	0	0	0	0	0	0	Spelldifficulty_dbc id:2146 spellid1 serverside spell
72234	0	0	0	0	0	0	0	0	0	0	0	0	0	0	0	0	0	0	0	0	0	0	0	0	0	0	0	0	0	0	0	0	0	0	0	0	0	0	0	0	0	0	0	0	0	0	0	0	0	0	0	0	0	0	0	0	0	0	0	0	0	0	0	0	0	0	0	0	0	0	0	0	0	0	0	0	0	0	0	0	0	0	0	0	0	0	0	0	0	0	0	Spelldifficulty_dbc id:2146 spellid2 serverside spell
72235	0	0	0	0	0	0	0	0	0	0	0	0	0	0	0	0	0	0	0	0	0	0	0	0	0	0	0	0	0	0	0	0	0	0	0	0	0	0	0	0	0	0	0	0	0	0	0	0	0	0	0	0	0	0	0	0	0	0	0	0	0	0	0	0	0	0	0	0	0	0	0	0	0	0	0	0	0	0	0	0	0	0	0	0	0	0	0	0	0	0	0	Spelldifficulty_dbc id:2146 spellid3 serverside spell
72958	0	0	448	0	0	0	0	0	0	0	0	0	0	1	0	0	101	0	0	0	0	21	1	0	-1	0	0	6	0	0	0	0	0	0	0	0	0	0	0	0	0	0	1	0	0	0	0	0	0	0	0	23	0	0	85000	0	0	0	0	0	0	0	0	0	0	0	72957	0	0	0	0	0	0	0	0	0	0	0	0	0	0	0	0	0	0	0	0	0	0	0	0	Shaman T10 shoulder visual
74805	0	0	0	0	0	262144	0	0	0	0	0	0	0	1	0	0	0	0	0	0	0	0	1	0	-1	0	0	76	76	0	0	0	0	0	0	0	0	0	0	0	0	0	18	18	0	0	0	0	0	0	0	0	0	0	0	0	0	0	0	0	202796	202796	0	0	0	0	0	0	0	0	0	0	0	0	0	0	0	0	0	0	0	0	0	0	0	0	0	0	0	0	0	Halion - Summon Twilight Portals
74810	0	0	256	268435456	4	0	0	0	16785408	0	0	0	0	1	0	0	101	0	0	0	0	21	13	0	-1	0	0	6	0	0	0	0	0	0	0	0	100	0	0	0	0	0	25	0	0	0	0	0	22	0	0	300	0	0	0	0	0	1	0	0	127	0	0	0	0	0	0	0	0	0	0	0	0	0	0	0	0	0	0	0	0	0	0	0	0	0	0	0	0	0	1	Halion - Copy Damage
100000	0	0	0	0	0	0	0	0	0	0	0	0	0	1	0	0	0	0	0	0	0	1	1	0	-1	0	0	6	0	0	0	0	0	0	0	0	0	0	0	0	0	0	1	0	0	0	0	0	0	0	0	4	0	0	0	0	0	0	0	0	0	0	0	0	0	0	0	0	0	0	0	0	0	0	0	0	0	0	0	15	0	0	0	0	0	0	0	0	0	0	0	Bone Shield cooldown - serverside spell
100001	0	0	0	0	0	0	0	0	0	0	0	0	0	1	0	0	0	0	0	0	0	8	1	0	-1	0	0	6	0	0	0	0	0	0	0	0	0	0	0	0	0	0	1	0	0	0	0	0	0	0	0	4	0	0	0	0	0	0	0	0	0	0	0	0	0	0	0	0	0	0	0	0	0	0	0	0	0	0	0	5	0	0	0	0	0	0	1	1	1	0	1	Drain Soul increased damage - serverside spell
